results = [1469.566576232133, 1535.0626501335535, 1674.9826697782628, 1746.5178638145942, 1754.816383813904, 1734.209763988741, 1730.8987590515549, 1738.4960088927917, 1725.8911278528958, 1735.3379749127098, 1744.654064816682, 1726.4536490360463, 1725.4017474180137, 1718.595184694852, 1707.9627541916002, 1707.196397664163, 1698.3019349237234, 1698.0606795728481, 1705.5797895480453, 1688.1090031911817, 1702.2400948712882, 1691.8769624530762, 1688.7519365017026]
listDL = [0.005, 0.01, 0.02, 0.05, 0.1, 0.15, 0.2, 0.25, 0.3, 0.35, 0.4, 0.45, 0.5, 0.55, 0.6, 0.65, 0.7, 0.75, 0.8, 0.85, 0.9, 0.95, 1]

# Avec 50 iterations maximum pour chaque pas 